62.615427165354156 107.06089412016178 -35.53680605754737
65.14817601078146 104.56076517722758 -23.971695481565433
8.082572810970738 138.304912209975 -30.33433307568285
74.1302852266912 161.74066061738688 -22.49457642545605
56.920996603378995 131.75748382557737 -15.714814089604232
72.50018992157351 99.91962296953557 -36.296793041970375
36.65048344387233 88.13438449151957 -23.8376623881502
41.458459612862356 126.13194557047403 -26.72722947848568
52.81956381230955 113.70640519286209 -25.533177740226925
26.198326257255296 129.1759356749866 -15.02101713833406
57.451235335046455 128.55480144654402 -30.1747162070623
51.94897080744626 107.98048354551985 -29.6996289877973
12.263236595939262 130.76211804307945 -28.07956693860798
46.66073890454639 106.33601852537947 -23.016203046808133
29.151721760237933 119.58586454384552 -26.201821837129945
71.3282573526731 118.00397354350417 -21.977039649479586
66.76357203546044 134.0286375342764 -21.79410603400444
46.54195233324275 107.25692858029223 -21.87835063052627
54.681188750002995 146.35365643549562 -14.876766130697103
41.159597057294846 107.38006419860601 -24.34664475865977
-10.690311443292579 116.83082110929647 -22.988273058517738
63.06265890148252 81.61054489472738 -19.07471363745597
12.13325849840561 96.35417648098135 -29.97399747135454
-18.067842554261013 92.01051263150057 -31.626062627252672
21.934419054336992 107.42146673948257 -41.95712284626984
21.124076898614952 132.14200614322056 -35.140010140813295
41.614771954701936 153.59427895807568 -24.636091106687008
66.97095704247944 92.3666990775022 -32.87436968126576
86.59948219386166 111.04743942877133 -29.1112222831401
51.956930167912724 121.25518402607833 -28.302043770344888
11.84981870056653 112.82198465893677 -27.202848937792112
58.405815953580415 95.94287533899491 -27.659684195640594
67.17226342308584 127.38316205615519 -30.47930811509446
61.06061174852294 152.4066984394978 -28.998364098481762
20.17750757376286 153.1263190251205 -16.17936065911628
17.2169737073309 153.10044763791524 -26.623908859351346
52.38691044962166 142.07327001709564 -30.07538951439789
62.79831610056385 117.14758729537874 -28.42091145838351
73.14694228360827 126.86247278202526 -36.985481929513526
5.913810851906057 120.79627144210254 -22.547932935277224
51.50165199870746 91.52355043784826 -24.141131124797703
23.354477141070888 91.67111842783419 -40.31156011514804
55.12013402835098 108.97117094266609 -15.668844448167416
12.86242704998493 151.22859569188887 -31.394172498937138
49.83885333422476 125.70692285519551 -23.53531195347866
71.29270053201259 122.81720055086834 -13.811809794902011
15.767465459804534 93.49332798013883 -33.84138339300067
125.01786917868515 93.13170410881486 -30.0727508628544
15.448189304831978 112.99646097893975 -30.66738954487359
56.81848157576432 137.71951835699352 -18.861161124709326
52.7673655344833 143.55746983948978 -43.791201355685594
6.085955236811202 101.49024313172887 -28.740662252775014
47.60339065726884 105.14577969017716 -32.971461283452
78.40145970484252 137.1503221298542 -32.208788904383994
62.83024699055207 161.2816341996493 -31.714293801797517
115.42468303117676 70.36761409319729 -26.507525076159673
-0.3864974494745752 137.73051298640007 -26.367063614756713
85.20484614348035 162.3825050945668 -40.187733810938155
0.1568701222230331 128.25259805733197 -24.64921221275036
102.96493851218074 166.7535424662331 -27.388401661926384
83.2649760775284 73.26792603119526 -22.827411521149745
44.337417785398806 142.5330505268472 -25.149514988846615
21.646084024801006 142.03326212989896 -14.576347790536044
48.866150321218406 112.89316567861705 -19.315151429497053
66.43310730743511 91.84022755761588 -11.921709512655637
16.174428913102105 83.4659333142554 -26.022287051204334
5.889556234014876 113.2991819455074 -15.050374873244376
66.93510260947068 147.90310816089465 -26.62362458074251
5.163351030356488 146.9364357629454 -32.681673958491366
71.02589066651149 104.53673727044051 -21.56448683761449
60.68349069737688 119.03782011261127 -27.78395557239762
26.77905319955373 101.21197707205324 -36.85303242396259
-14.139574958874192 144.6127929170591 -25.717387682853058
60.32165507224158 101.25866580313635 -27.648767110383993
68.91268282609423 167.11892620848892 -17.68606292117506
97.77376102573419 123.2831782136077 -22.38220577500038
31.20947142159345 119.6688398096195 -23.70563396630351
39.3613293202354 99.09756114167365 -11.09775713449459
19.27070090555953 134.15308142456945 -36.27211123661407
80.80912545557057 117.03129438610732 -19.010398059697103
64.32635603174072 135.38096081084797 -21.14324343187154
-6.564942257935066 124.81772214662715 -29.695658298265688
73.43582636696772 116.7110627856689 -32.79007560208137
67.22195152929518 146.49849233669502 -14.981504973746397
44.307268444982725 118.9835511992261 -29.341375918749502
60.97605811160477 122.57427602412547 -31.45938334124963
92.56011999866288 148.97929773706022 -17.085750654140785
72.36230304730734 120.07809955623551 -29.648282494985093
57.6918092481624 108.37403368613256 -27.599673921454986
17.039898134071457 103.26576566031281 -26.869337897124034
37.965884214311245 137.3074786354424 -12.935298626743634
9.519866160084561 161.1150930081275 -15.170234717580996
79.96379719132807 115.06539854442903 -31.2444505953594
78.39919844946803 148.2593791666353 -26.300092740231648
39.26192980365026 152.23265477673252 -19.027326449383573
42.445772158974975 108.24424004368629 -26.36361443036975
77.66875848436158 128.72218710963395 -19.62951538551801
91.885483443422 158.6492661837235 -28.129617316178525
57.2258195312283 117.05721652603168 -27.33815724398818
75.21498394069371 160.75362103031148 -19.263253629233514
39.304304251021094 97.91402499767413 -25.005352417192743
-13.782065971725885 96.80163104506292 -32.024708048419484
14.458454829565156 122.16317804655704 -28.278323354764584
55.78880602511246 138.91063169705524 -33.077395741917805
115.68302280783027 71.67007303332689 -33.20408759054532
82.78118620546188 135.1630184574651 -35.73910464146494
34.039379775017764 152.99423065221436 -27.042020896729326
41.42792972534659 109.49085053672121 -22.21083934990119
65.99826032434117 174.14831956509607 -26.77746362510198
0.6765461546123035 116.82642137599 -41.84453708168254
40.65854854740648 122.07683237880352 -20.92658998011128
19.800675794721464 147.8904675354765 -27.66519898501557
59.17446466634672 152.15946257398429 -32.75458740936226
79.41139833408992 146.61586688192844 -26.61688280255841
47.03874488364534 134.0457861616835 -30.22356697558282
60.7855784148881 126.15909349499134 -21.562881259922438
17.96736876417952 117.91435262097465 -34.841261827155904
98.17133376444363 133.38136489344538 -29.665320385287927
41.438094591834684 136.46342772583796 -34.70231861148694
24.621596322146495 140.35181765014346 -37.70472316819381
76.60076402488637 115.6798674894815 -33.913674139197425
56.64905866943032 73.03125703510977 -28.240417517968233
8.248975150181202 137.13848838949878 -23.654265143204103
22.041915059854446 128.6861732116377 -23.581325152512946
-2.729582745321281 143.42979559563298 -23.471758614159675
78.45561050835491 120.84565842658117 -25.897247353094826
22.424809149504213 136.14821194584522 -36.9224018397709
-27.24659702773445 81.32426258615385 -24.663487217677677
28.472694756001744 110.83577532625564 -22.65714212779999
63.396212903372536 118.9755189327767 -28.884758795543895
24.695710555500582 134.80743406533378 -27.943483820912785
47.65125977667898 102.59389827227753 -13.405842775559506
80.73778629159774 105.77926870365027 -23.732194462022235
35.929153166935286 84.12224927665494 -22.024685976495334
75.43410305741563 117.42878165454388 -23.298461769667345
73.06668329566638 128.11113088205474 -36.678302170926884
38.27833648543435 119.56663704538144 -34.039289117516546
29.60291112499489 130.98589176038683 -28.16209814399266
-10.980398666481424 80.76879701050589 -25.13079988243163
15.776441758632949 133.68741089296532 -36.15793737745449
82.83436233108559 74.38298790682454 -41.83904878980423
30.814796522225762 99.36818537405387 -24.398848688851853
-4.5073723673711825 139.57999266001804 -39.59877596569317
113.95732210440414 100.93560773538015 -22.272549112585757
31.997911351954848 131.28925229976926 -25.43750885641054
152.44231089284494 149.60365185770758 -27.86246936879473
58.187901240548925 132.4187591259579 -13.736697215548492
47.2036764874298 156.9000363451829 -27.07676174231975
54.46563681535928 133.74546570124392 -28.56247827666162
90.40978360032007 93.82189813015178 -30.656314504172077
66.99657509454633 122.29949516709806 -27.32819374517402
48.06290897276533 100.77143715866616 -16.680041262019337
89.32348469929158 126.14402630191933 -38.36819960092086
75.07476125098371 121.5844885462677 -23.349484276751838
37.087010100467324 121.64086599603306 -32.880384080526824
31.95952728090218 90.51780502392023 -23.183064333750846
26.377769295377227 134.27548408627996 -21.780466794699947
15.356705883756753 112.5150913021473 -12.059738358656315
80.17837286846569 76.71457292130384 -20.53770969892293
7.898401952707459 88.02047066486455 -31.457495967403162
59.76666746682421 112.52594808810673 -21.171200440049702
45.996929596768766 100.71314718840634 -23.22826025784743
10.75819968241899 132.78832015248156 -19.314501894308776
41.93393980749012 141.49520449778578 -18.916927823818792
10.007019904557502 126.88990928971805 -16.86916957223771
58.268635333499496 118.15058521096796 -27.386030528125936
61.583518476778465 141.39075697540193 -3.69757579409967
84.80403785258926 94.7090663437292 -32.01713625319571
50.13918226265549 145.9679504376455 -41.57623143137524
16.304979140237485 152.55161697098544 -14.199465873904089
13.413479077097172 124.67905904733982 -19.644414253630025
62.4153156577583 102.9602068700836 -14.578733517078053
78.74522779970206 127.54900906347092 -21.80527597325083
62.60270487030982 122.83336254230692 -31.880936823610945
80.64199587843451 131.42674825849517 -10.895330910104356
33.326245106147894 150.44595239006372 -20.8752144798952
54.27386431018789 147.10734120664557 -19.428364152981786
17.830584421479436 114.64162974948127 -29.100081360562275
62.06883630602227 156.2946824165894 -13.839826054675093
1.5151028980097792 124.83805543120067 -17.275292764376175
27.412369118251476 128.75058517319707 -19.83344483880828
62.15328202502087 119.18275206996336 -27.08412670694509
13.050541598137762 127.53098346152905 -25.411940484356517
55.16519971573088 159.11948736822984 -32.67089583720147
76.03658158378033 126.76022033461815 -28.554204476962198
53.77881762083065 114.2136480482491 -21.678772992863642
8.572355443986147 119.69727845135318 -24.394033552309097
-24.29396329028235 131.8088344794877 -27.181431658936383
25.65488543622275 149.15357308840572 -28.176572063611527
-22.920586730095188 127.59153154376287 -23.134116791983814
22.02592207393959 127.38017883274512 -32.6421086946081
53.65764145523959 101.42723013702945 -34.21931888993426
-25.986219530814324 123.1678588537101 -20.598128047443275
89.55484299703377 126.60590446515127 -25.14915498754598
46.65814425391902 118.58452321813094 -34.79905071405027
-21.36738531844688 131.24640211833375 -34.09816614739944
41.10934011199055 120.2140765551364 -19.982144604933836
74.2892086469268 132.87486762341217 -29.78135730493249
45.07990911617283 108.228001892224 -19.275249507966173
47.09197981083406 115.4250045957963 -27.70152504134736
-25.507262456849098 86.3611083112023 -21.134177590769873
12.52337208743522 109.47460491188305 -32.58666855996113
49.492813490777486 122.99489394869157 -19.11456710933371
74.06099851473797 98.73527934449356 -19.74905942152173
42.28508574193002 172.90578403895347 -27.36324233789562
52.67312109710257 120.11476439506191 -25.85136572985517
67.20601453204472 100.42038683987195 -22.00834865179712
44.65826796936154 117.99433561494908 -24.454533030778855
36.77062061997633 100.53811076888226 -24.24906859274662
134.5782461713754 125.98666506475192 -26.42433482414807
42.208806063380976 136.1149895284072 -26.45103827991427
54.43372448589033 130.99389772195707 -27.368798408107544
25.603117462472113 102.5308906674159 -24.79365578790788
55.19729273508036 134.31930488674155 -32.63867824897953
38.10032772778517 141.60612924369778 -15.140067925294016
69.54780313076887 109.83287906693393 -27.59538200898978
28.60274959603089 149.14157991799777 -17.863489919112613
21.383332811522763 102.89246393529459 -30.481265750059627
16.179974536243886 68.83994076377638 -35.91402470590364
52.9506919764343 134.00715170424775 -31.458034516979943
55.643419813148526 81.21254904985788 -38.083448301225765
56.248279674032275 124.60323023173328 -21.11671188370759
68.03975536571318 98.19874290612458 -17.737397874286657
66.12706603369176 97.67827650960396 -26.960708489747045
16.313801296761966 135.13544264751118 -27.73085805039173
23.3035759003175 51.3610555486212 -28.227760512474013
47.083903295172426 120.10667491193524 -36.06557606706919
37.283160579272945 106.06076517887873 -28.414667947926002
27.508028161958208 115.23696513943688 -29.698255267828785
44.39158738783203 136.32498901379074 -24.542448325061113
72.96733982979089 129.78857189754424 -33.044253990819556
41.767613322255805 133.23488902071063 -10.154076891644834
42.17840471784687 77.67136803659024 -22.625014927996393
30.57012356763088 112.59781779628588 -27.00312499867715
72.14815272818127 96.84401195703455 -27.943409712788643
41.45197271025676 138.53058001089693 -19.205529952922706
24.586842699414305 152.72661292820976 -20.683134462915575
20.771401505054513 100.5745823583731 -23.821913297941464
31.708355773430675 115.41497489575346 -25.957926724377256
8.001802063549235 111.30152371884384 -22.226746102149566
33.65653027199889 136.74875464047503 -23.0422039071608
100.58249303532708 109.09534552384547 -17.971449595431764
96.31452183139484 139.13480689040767 -26.810642313617134
45.1662757660173 116.58351736137935 -34.72928291308408
18.005384321432267 148.41895096079017 -26.559223268689102
21.95059778586505 135.03629185353608 -39.59072353531564
57.13446913448671 118.23704970713035 -27.407916686314653
65.6656102991553 142.27356818060468 -24.30840462264639
-3.2214978607021933 139.78386329350812 -26.767043345041394
57.884601578678506 134.71965449815463 -42.09097533528403
39.016033204905405 129.92597309824646 -18.737526005250906
78.260485627875 149.64481230228498 -40.67130058890496
-11.51802428951627 115.66981744546688 -24.605075964493157
17.13470472857587 125.92806113099593 -26.273678087254375
124.06582033146876 89.1191237398333 -26.128554642459463
65.88275126236657 113.11748145870439 -23.792938612974993
28.821000839595996 109.9280366782605 -12.938477646037736
49.43517794546587 117.15232639528465 -23.779713525877703
56.0876870747888 167.09814453662727 -18.51036260036471
94.20812980022404 132.35409904260524 -39.41178508535697
9.89253220201767 126.61030281565006 -41.517816713929406
41.54254997366822 112.31458100332867 -15.967683308232239
54.643264350222616 109.98659300777058 -16.27011546009191
57.44950346897315 111.33175027431841 -32.77766084142126
27.917344882330553 156.80347776609963 -17.32630308598179
77.79369344445016 143.16153952951458 -32.57306968448222
64.17250981477628 83.47495651841307 -27.685372415257277
52.158621243719246 80.4326505632151 -29.18861731120486
90.35938111332692 125.62215278399958 -16.011431157769618
56.30766956541137 99.77242077127585 -29.920259541854314
51.3854105228176 140.0460052102237 -40.086922965344854
54.10401244089643 116.48809729620044 -31.740829697508882
31.827326347937984 110.35387112819033 -33.72980016624181
11.069301249611676 96.79186258274373 -32.24966241573078
75.19422557975683 81.11390468987888 -21.206699171532605
42.88200281413046 137.8480500994542 -16.203550019278744
104.05915099475965 94.39981657536427 -34.55667695044457
20.364293415320667 113.53708262631517 -28.256555950610952
94.14004986682588 136.26745620301915 -20.127070480320523
33.56713970531193 89.14436251068219 -33.80129188149692
62.75977888690405 138.70619363623297 -33.66963161507333
50.21265110822696 150.8340065915396 -19.843566967580657
77.56611858410331 126.97422033759653 -26.140090676130047
69.874186452891 111.50473354073799 -27.601271445454103
27.92660544545047 105.29409924271347 -36.67931496156575
99.08123089896634 156.89947836382498 -31.77915243607556
24.840424948847662 143.53459196346805 -29.12998273173875
30.162709066009718 83.59333679522442 -34.98318061082257
20.003429901192085 152.75637070098068 -14.4893483481024
43.69812002323983 128.32379997548307 -28.440032045458974
121.983058133767 93.2725902810719 -20.430345027270135
1.390373831745542 136.16643039734058 -22.873264512836847
52.998898572667855 84.46411352844257 -8.34485725692353
141.35750923305054 117.42828320375405 -21.082418502082554
24.995759150884048 121.35364228180183 -30.854727650580124
23.38141628618137 152.2523344932939 -25.86494442937073
-2.339573799496115 123.74939728627001 -31.82113204855573
86.949086489247 75.58391665120573 -22.725580964389565
72.67505091588725 121.5735777245167 -20.335703136456488
11.324065394088628 133.94710198774007 -20.398285334222646
52.57160072339614 124.6940585903661 -25.80660585300126
45.427133667142925 88.65918319694708 -29.889543535954246
19.596619119942105 90.35415413683357 -26.100568323606286
43.39135121750962 135.4687178894057 -17.053700293172003
-29.089476882734235 105.05429930975737 -31.74106241660448
50.18950042400925 142.21260072772975 -39.16507451842372
50.0604915172803 96.04270532769874 -31.589401514513217
22.86051125226213 148.18465888845648 -33.91732154544325
45.51472716812544 81.7927791667491 -26.537881431465408
78.51189121364516 119.60617571225535 -14.13474633362199
-5.784305988122114 161.17732833547507 -27.060757355887738
29.59244834725981 118.24397778827475 -29.336537379362724
97.47197648436206 93.74903815611077 -26.88522510815276
20.473706232736383 119.31331313223254 -19.90848866602976
49.204446014118794 125.42569606888684 -22.968512317929665
66.86897823409412 132.45347071345867 -26.726561162019753
90.84095748930667 86.83027716191282 -35.26879122540738
55.88847107068351 124.65124225332441 -26.399323281940365
90.26738966039574 54.84557512497322 -25.084118523065396
4.302926057219871 146.2664064239218 -27.17256947949931
17.570036497362253 120.1541185071763 -25.651093596663422
46.118221361840284 97.15262444067938 -28.042256607102864
73.33169847796661 160.228472486982 -31.957209640001796
31.683534698798276 104.6710195231724 -29.804783878761906
109.52485048854912 114.52431386063103 -30.994103848193895
52.89758128393406 123.27760245789591 -18.957737285935664
41.223738080958455 101.7801949126701 -23.662908377065904
10.609121152410246 103.82028574557276 -24.23950559502196
26.121591490049603 107.78273079600801 -27.049745964837236
62.95812321734433 130.11761994548655 -31.643950024793075
88.89597059546333 149.52981685366126 -37.313362868964575
18.851438051513043 124.96845612084012 -13.244882159295372
71.56751236054288 126.60408522567606 -27.161176506795364
85.98309583064147 95.76231374921878 -25.598982840630626
83.77264219336509 112.71544683697576 -32.95948567170482
12.009587014170798 140.88562749147513 -21.01707819327804
54.33232103790583 133.18419575762397 -28.09324536661498
67.06788162012239 124.4881322788521 -15.918324917599211
4.122559329885696 122.91755213821577 -23.939519477019065
104.7077310225574 177.4184768842573 -31.38592353616521
-2.1375379539626493 114.05149901335372 -30.907940028613105
40.61801182024865 138.7712932696025 -41.35499503678015
42.26211689517318 193.87981017431366 -31.62364323984206
30.84726140286496 169.11049891770926 -36.945030899388364
69.28105937978737 128.4118241875237 -28.43863300805567
38.16486933559816 120.63560533101821 -32.69781520416197
42.02021728541657 118.52127108526192 -19.215811553255584
84.0824412084619 126.11850714687856 -11.969495498068408
32.00242431435482 143.87236681432267 -33.31902334011262
27.73480016205547 117.81637165144015 -28.92299508195119
27.09321422890263 136.08520217393124 -33.33570897261731
40.063105107374 135.69495887451208 -20.015812078203943
16.848068983780948 89.97061853548193 -44.749168424458475
33.33871829119603 80.97020169078931 -31.2300809045249
38.67589301864864 169.45002575466282 -25.48907816505237
52.68732122756238 124.71685064818084 -24.51660697818931
59.70753502785453 137.9459605068631 -27.9068695764409
74.18010115788397 81.19519462862903 -33.191852676299206
34.96158991109374 78.37846840323988 -32.75453253430484
33.32962140295388 114.44955406722892 -20.163108978979427
46.575578816315954 90.17114352009474 -17.90288166116325
34.66709495238649 102.29786733829287 -31.428545345422037
-10.881711631483597 103.19148246296454 -21.727638841689917
65.05639161249394 152.73971755528 -31.259752777415024
4.520840532242843 69.0231901123898 -32.62112153499516
59.418064604647064 123.91362118101338 -24.88609638927511
63.57152774164403 120.33234383113441 -30.371258264995006
52.495607886084755 138.85040260226023 -32.65765110139845
64.43763392239994 128.81058146280236 -39.05899999484779
49.93336272977874 137.81876187212842 -26.141904816212126
52.40214511570005 132.31828391732796 -21.002796838195053
28.261282248655938 105.43386762650408 -32.53117876005443
51.49537489622123 155.3134278127481 -18.832094977508554
44.717739595771725 168.06003377541163 -21.935116991077113
3.3372310943463717 141.20896331519134 -36.52475925412616
62.01749584135605 109.16165411979831 -25.905342640407234
73.84154157292184 109.86290547210501 -24.715629931923033
60.952427142963856 142.12577209699214 -19.80349650883739
43.702576518966126 110.54698735901071 -25.563087339964056
50.69748148278606 127.41518907789593 -19.835605776647984
79.41311612781075 138.7573177700495 -34.93851109066235
69.52515022719452 128.70389968839697 -32.85804489200604
101.00171664708681 121.24226155725205 -28.147853037744426
29.09996445284466 96.84666503023809 -21.910845837256765
71.90782080517735 151.74339044836245 -28.401818877957844
88.37185186300648 129.7722454819863 -24.443170935374127
50.613437463047674 123.75826826437445 -28.321230692137696
31.390775415190134 139.2202735447106 -28.742384280171255
38.39446580450063 115.06019223962585 -30.372163471464614
48.680275058064545 140.62238332655716 -32.008256541711106
37.73974381804379 130.77635254069796 -38.144687534563744
94.27724713180608 92.46844812394325 -28.840737121266052
60.8851567059221 146.58761115307215 -27.86106223838244
5.499410606929196 125.11375203553555 -19.875567396603213
54.526936706447174 129.38420847406155 -31.747357626292025
73.8118960067049 96.5554780853524 -23.21461021629278
-37.351726150426124 143.5881650479483 -22.268080832140168
41.73963542702997 60.922633910103 -24.178338197531104
44.82561461340224 125.44446605512383 -38.031545029562324
-12.426301138951775 81.03794087048504 -29.571251220160676
35.609533131932366 147.03251353726773 -35.230950618440374
5.962524478665166 136.8048548626436 -26.09460058254069
40.36346824139604 109.14295455427134 -32.19070761679635
49.37047478005919 147.16845822454354 -29.214375947678725
76.13695476993054 167.31457444465988 -29.49003339340104
39.61113460678673 132.406135549758 -31.926980990412012
46.247668982321265 111.9401894563158 -31.51559699380232
44.57163811575641 123.74372670777737 -30.10774101122421
86.91104257980376 126.33733888458691 -30.770185247452996
18.184346113543256 170.74122337196772 -36.908821235670565
58.100648494365494 123.33967554810414 -29.24754607061216
51.78763852530574 118.33606690305916 -24.589004376285118
15.849380579525572 112.29662756727429 -34.61452936213703
48.55534770333614 135.0439140844305 -30.120487554073208
11.995635516870706 173.0139392948995 -25.415660615793854
84.67477148626323 119.59331914685252 -27.07331178556065
21.29781042524155 87.82175778764902 -22.488130344427898
3.6291003029222253 150.18288399007858 -23.470654628150605
94.192519093253 119.62687431667008 -28.812920692820732
77.16861889335262 89.87157547317183 -32.752907776294826
43.70821244416091 147.6175695211105 -30.83125755829953
34.18900700354575 150.62313442029534 -21.25197986652388
54.06347123618682 103.13924779528249 -16.406092796193498
67.37432907093063 126.74049768144565 -24.441785232699704
116.51581824817549 147.6009762307791 -32.525556947408234
-0.7291263337030642 113.25259947167208 -24.904531914864826
45.865733471874016 151.33006602877907 -31.529260520703186
117.0638612149999 134.69683869056598 -22.765143139081445
54.03311438431977 119.57926621192118 -18.173148259987762
41.11908537299079 113.9447150611827 -29.104606699018888
64.28882142991704 127.33992206285828 -31.022141565620803
31.279314582940415 171.8452474546456 -18.24256435271834
11.082431306862048 129.32672716627337 -37.97348164968515
56.690684396504764 152.628228412843 -20.347110155324554
55.663554430922545 162.2161598867881 -30.994303915876483
-4.665131633817921 109.91322173147779 -28.2370273965966
62.351376214874556 135.14773622369557 -20.459054572769823
21.45324594975341 93.50924783280547 -30.463604858459394
46.08120077928682 126.71076265418081 -29.16699939014819
4.708361969684681 117.94574679788195 -35.97403073527266
48.31873815324978 96.6919732177162 -24.378642452813786
59.16746177494943 121.00025360770732 -31.516105150548082
32.373318482552776 94.54846306365134 -16.441311808020796
49.70702766184447 100.1212522996511 -27.289806053254257
61.893182902636816 61.357543385124174 -28.340115134969892
65.67290357147711 122.60179312492323 -14.346358457984824
37.57273269422225 126.01894963965599 -36.81846543714675
14.861092727463735 84.26634252877034 -24.05243154817563
18.01286051983753 149.10300218797653 -26.901980858017577
40.12867746121347 134.90758735153966 -29.96615637632869
27.12314423562772 121.56212200778643 -30.431754418491515
-40.0341282421459 162.5262822098021 -24.982181508651056
59.66102979547035 107.62085560307628 -22.81458681448777
31.265340897921767 86.17003499909009 -24.149179677213155
69.99244420512503 126.63284020722533 -40.034457854875384
21.047148671211303 136.49788776799687 -26.075585786847707
24.614515747961427 140.55769006822285 -21.86415124944847
59.495403241415325 131.7501234060021 -14.275506496954812
51.02688329738173 178.3336599806628 -30.114206072827727
12.050261175391284 123.91574334998887 -20.800036038058742
52.18789105324882 81.36713752448628 -28.00020062188067
70.91977841884318 110.57815349739774 -36.94576674611211
61.823860161487424 115.10952366474672 -32.25523339456646
39.91772483328273 119.95747221877005 -22.836910287456323
48.11149893052208 155.3268145946652 -27.646048300668014
37.37916400615744 130.6786217305762 -26.75748073096118
18.077120700759657 133.22627086599195 -33.39446429801664
76.84675376842999 147.59761089432575 -21.911725352913084
12.044233750143128 146.28359419014677 -12.09412915981838
33.0309809559855 174.65558989333334 -28.866149691240054
98.64934610179317 133.74736750919044 -17.935319449626864
5.422307030926355 112.88388238375708 -22.19202547070594
21.72194936287022 84.76714195693177 -15.539515920075466
60.15169672193421 92.1821138528725 -33.31003639503408
103.63951337202928 143.53069888090167 -24.986816845666613
60.01346054048497 155.81023682632065 -32.04477463006281
79.95668772373713 153.00731973751186 -20.725731172665256
35.22935637247771 115.21332781437745 -30.58931422339769
73.34903642580409 174.5782315102799 -38.432118080964244
38.65384654347457 159.96691332815004 -32.95209061573551
8.830249308809087 118.012027218735 -21.83223095697792
52.65900779315592 98.00138219787047 -15.212784935614403
63.4719244356162 141.56854986645322 -30.546446697594245
-3.215374297309552 99.24263778948045 -17.064529886996127
10.78111280556569 114.37838693385207 -19.67944899237987
4.074969799413765 155.4783173125797 -31.09425016562787
51.00217363550077 155.8655750786358 -24.338041000055128
58.4586829862984 114.05561661307664 -31.279888001371397
74.05485564476342 126.17472460573899 -14.023742812786093
16.087209714821384 137.2143591210295 -30.56967063686656
81.74171071295966 142.45788175547654 -24.31103737732034
29.76210841722108 133.92974805633696 -24.964123287784034
87.25445599226033 117.96348724478483 -18.28450959922599
29.84728570794271 156.7210032099759 -26.850648548911405
35.12653352173446 71.28487633816867 -25.54244959040662
34.61291247455973 136.67378705301212 -33.37048172601594
118.24931304959483 147.39680787617203 -19.86416641175106
44.64709352778598 96.84080628263592 -31.880172580933607
123.23104694584762 145.66299359452262 -42.42165647699713
92.19062631126069 115.00097893094753 -19.465546348131333
