97.02579999999999 52.639799999999966 66.78800000000001
91.31819999999996 61.25919999999995 60.499399999999994
61.110999999999976 48.448199999999986 118.45659999999998
112.40849999999996 94.33239999999996 103.0877
87.38879999999996 77.32859999999994 85.0322
103.03269999999998 52.81219999999996 56.14980000000001
65.39149999999998 41.022499999999965 60.99399999999998
80.85849999999996 59.56949999999996 90.8614
85.39799999999997 59.26139999999998 74.60739999999998
63.131299999999975 63.35859999999995 97.97209999999998
95.62789999999997 65.03469999999996 85.80959999999999
85.72319999999996 52.91909999999996 71.35580000000002
60.900199999999984 48.25029999999998 109.5475
77.28319999999997 54.895199999999974 70.9094
69.52669999999999 51.45329999999997 91.40970000000002
98.35249999999998 72.03379999999997 68.0703
99.06469999999996 78.07859999999995 83.582
76.75469999999999 56.15799999999997 71.44129999999998
89.07939999999998 84.16869999999997 98.03690000000002
74.21469999999998 52.032199999999975 74.8477
36.835799999999985 35.37979999999999 108.0906
80.69869999999997 52.79579999999996 41.247400000000006
52.78899999999999 29.858199999999982 81.5573
29.86589999999999 13.470899999999986 93.3764
70.32189999999999 30.44079999999998 88.93299999999999
72.18889999999998 47.396899999999974 108.0965
87.02389999999997 74.71009999999998 113.0273
94.79959999999998 49.312999999999974 51.75620000000001
112.29929999999997 69.78949999999995 56.5399
88.41999999999999 60.501499999999965 82.005
55.28989999999999 39.923699999999975 94.64849999999998
86.16139999999997 51.33059999999997 57.643000000000015
102.82549999999996 68.41379999999995 80.08770000000001
103.98519999999998 79.19579999999996 103.4998
65.66039999999998 71.65409999999997 121.1238
69.70019999999998 62.45819999999996 125.24319999999999
95.34719999999999 69.56999999999996 99.51210000000002
95.56939999999996 63.061399999999956 73.24400000000001
111.10039999999995 65.80389999999996 78.35200000000002
50.13939999999998 44.80979999999998 103.0206
77.66779999999997 48.85149999999997 56.506800000000005
66.21369999999999 24.561399999999978 74.7431
79.94319999999998 65.39509999999997 67.01510000000002
68.78779999999998 56.051899999999975 127.07299999999998
85.14269999999996 65.38569999999996 85.53060000000002
94.69809999999994 80.56549999999996 69.9925
57.09149999999998 27.08919999999998 78.3683
137.06559999999993 76.80149999999993 22.84520000000002
60.13059999999999 38.93529999999997 93.8919
90.78849999999996 77.83069999999995 90.8327
104.27279999999998 60.07729999999996 104.0611
48.856299999999976 30.711399999999973 88.50539999999998
83.66079999999997 47.17829999999998 71.9994
114.92569999999998 76.73659999999992 83.05409999999999
109.31189999999997 82.26069999999996 110.6765
121.63799999999996 64.18879999999996 7.816800000000009
52.19099999999999 47.52379999999998 121.172
131.56019999999998 86.01849999999995 102.6437
49.04699999999998 44.402799999999985 112.6016
138.41429999999994 105.50359999999993 94.17599999999999
95.96059999999999 54.55409999999996 25.253700000000002
86.44229999999997 70.06009999999996 102.6318
62.85309999999997 68.05109999999998 110.7836
78.46479999999997 61.86809999999996 74.30650000000001
81.66029999999999 64.68809999999998 46.229400000000005
50.031299999999995 28.259399999999975 67.84989999999999
43.62049999999998 46.79379999999998 94.8973
105.78719999999994 81.31089999999993 96.2396
62.617699999999985 49.65389999999997 127.66589999999998
94.29459999999999 65.60069999999999 56.9448
94.09549999999996 63.561699999999966 75.69929999999998
69.25349999999999 33.34119999999997 80.0715
43.266199999999984 45.47519999999999 133.5448
89.01259999999996 54.77489999999997 61.09780000000001
107.01659999999994 98.36889999999995 108.9105
119.93059999999997 85.70599999999996 59.418400000000005
69.59919999999997 54.27009999999997 89.81829999999998
62.69299999999997 57.22149999999997 65.4835
72.00749999999998 46.72959999999997 110.9745
103.45579999999995 77.88419999999996 61.796299999999995
97.19639999999997 78.18639999999996 85.74770000000001
46.10079999999999 36.000399999999985 114.38129999999998
106.09629999999997 64.11849999999995 68.7159
98.63209999999997 89.55979999999994 91.9554
82.67539999999997 55.30519999999997 84.1858
97.46579999999996 62.64179999999997 79.427
119.65259999999995 100.09409999999991 81.9668
104.29439999999997 67.68919999999994 71.2385
88.89369999999995 57.174999999999955 68.2931
56.459099999999985 37.716599999999985 84.05929999999998
72.90899999999996 73.99859999999995 98.339
59.14669999999998 71.75389999999999 132.7851
109.64929999999995 67.29099999999994 63.713600000000014
114.32729999999998 86.66659999999996 90.7587
81.51729999999998 77.27519999999997 111.63239999999999
76.62619999999997 51.48319999999996 75.4414
104.57079999999995 81.80609999999994 73.2111
128.35429999999994 96.19129999999996 93.1462
90.69489999999999 61.43769999999998 75.6598
111.02119999999996 96.76129999999996 100.90409999999997
70.69459999999997 46.084799999999966 68.0861
34.609799999999986 17.367699999999985 95.32369999999999
60.38689999999997 44.82099999999998 101.3758
98.87419999999997 67.20799999999997 95.9669
126.20419999999996 59.869199999999964 10.481000000000002
119.81979999999999 74.97289999999994 80.13319999999999
82.60129999999998 69.33209999999997 116.90710000000003
73.69459999999998 54.80179999999997 75.91910000000001
112.15439999999997 93.68309999999994 118.5129
56.73499999999999 25.993599999999976 107.2628
75.69049999999996 61.625399999999956 86.4121
70.88749999999999 60.22289999999998 119.90490000000001
104.75569999999998 75.41809999999995 105.1919
114.84339999999996 86.05519999999996 88.9738
89.27049999999997 63.21199999999995 95.5479
92.32729999999995 71.81429999999996 79.96459999999999
65.84599999999999 39.27519999999996 97.78699999999998
127.29379999999996 85.32279999999994 69.4589
88.38469999999998 58.596999999999966 101.47989999999999
78.54999999999997 50.993499999999955 113.82469999999998
108.88259999999995 64.12379999999995 66.576
79.09239999999997 38.87999999999997 39.66029999999999
56.910999999999994 53.00499999999998 115.6985
65.01389999999998 54.846699999999984 101.81890000000001
50.20079999999997 51.50689999999997 126.32259999999998
106.83609999999999 73.52989999999994 67.8898
75.30609999999999 48.57519999999998 111.22909999999999
15.921099999999997 9.541899999999995 87.29129999999999
64.55699999999999 49.546799999999976 83.583
96.78499999999997 63.86549999999996 74.5818
71.26399999999997 55.69309999999996 106.69339999999998
71.25789999999998 60.76039999999996 64.85639999999998
103.24729999999995 68.75099999999995 53.70620000000002
62.69099999999999 40.11389999999998 57.560900000000004
102.08809999999995 72.51839999999997 65.8919
111.18739999999994 66.61529999999996 79.349
81.11059999999998 49.438699999999955 88.8649
74.07719999999999 55.76309999999997 101.14239999999998
28.313099999999988 15.918399999999991 78.8714
69.18159999999997 45.08289999999999 112.2945
107.35989999999997 40.52089999999996 31.2534
64.31879999999998 43.603299999999976 73.3535
57.530399999999986 36.63909999999997 128.13579999999996
126.11719999999997 81.77919999999995 32.81689999999999
74.32519999999997 59.006299999999975 99.50789999999999
171.42579999999995 118.02219999999991 55.4994
87.33049999999994 79.69669999999995 84.4457
93.58219999999999 76.89209999999997 113.6175
93.78939999999997 67.51979999999998 91.18550000000002
111.51789999999995 61.79859999999994 40.7551
99.44689999999997 68.22699999999995 75.15270000000002
73.05139999999997 57.563199999999966 63.97749999999999
123.93169999999998 71.36859999999994 70.07550000000002
102.95329999999997 74.36639999999994 69.53029999999998
80.06789999999998 50.822199999999974 90.8807
62.096699999999984 40.66929999999998 65.13330000000002
68.68579999999999 60.82259999999997 103.841
48.74919999999999 52.74909999999997 88.7804
93.17489999999995 56.651999999999965 29.060000000000013
48.27249999999999 22.817999999999984 77.1276
87.69779999999997 64.97539999999995 69.0627
75.41479999999997 51.68679999999998 66.6295
55.036499999999975 55.234499999999976 109.7345
80.60869999999997 73.23479999999996 101.37109999999998
51.431699999999985 53.86529999999997 104.58999999999999
91.80039999999997 62.38749999999996 76.06099999999999
86.24179999999997 93.16739999999996 87.63409999999999
108.34709999999995 58.790499999999966 44.62299999999999
101.60189999999997 61.806999999999945 106.7994
61.39899999999998 71.20369999999997 122.0642
55.07899999999997 52.144499999999965 101.774
83.18709999999996 66.40869999999995 58.1275
106.37779999999995 80.04579999999996 72.25969999999998
99.01399999999998 63.15019999999994 78.9418
102.28109999999995 91.02819999999994 71.74449999999999
77.67939999999999 72.44279999999998 113.5709
91.70869999999995 80.91709999999998 100.02810000000001
61.42159999999998 41.95589999999998 93.6725
96.66789999999996 93.01769999999996 102.34809999999999
44.730199999999996 48.89379999999998 107.2095
66.82569999999998 60.02839999999996 98.24679999999998
94.82109999999997 64.79559999999995 74.9106
59.03069999999998 49.02199999999998 105.7944
103.53509999999997 77.17419999999996 112.93460000000002
108.18319999999996 73.38189999999994 74.67630000000001
83.93909999999997 62.84209999999997 73.56619999999998
52.96029999999999 44.016699999999986 101.26070000000001
33.0878 33.7053 128.3423
75.94279999999998 62.97659999999996 118.17579999999998
30.56839999999999 35.28959999999999 123.12739999999998
70.10059999999999 47.33749999999996 103.0603
87.98449999999997 47.013399999999955 66.22729999999999
25.557099999999988 33.71699999999998 120.33239999999999
116.28339999999996 81.70449999999992 66.9638
87.62139999999997 51.98879999999996 84.0827
39.301199999999994 29.451699999999988 128.1908
74.96709999999997 61.61959999999996 84.40170000000002
109.23029999999997 74.70399999999994 80.9296
74.34649999999998 57.976599999999955 72.30729999999998
82.84189999999995 55.99779999999996 79.4319
16.45029999999999 15.437299999999993 89.7028
58.143199999999986 34.49279999999998 92.91409999999999
81.50339999999997 67.25189999999996 82.3227
93.94769999999997 65.43229999999996 50.1613
94.30479999999997 82.41979999999997 129.4093
87.18339999999996 62.10529999999996 80.0768
90.58769999999997 61.597999999999956 55.541199999999996
79.73949999999998 58.67069999999997 81.9415
69.02849999999998 46.855599999999974 71.32760000000002
150.81659999999997 99.81899999999995 44.415200000000006
83.91329999999998 65.00549999999996 98.6984
92.31599999999999 67.05829999999997 88.61389999999999
61.46959999999997 42.61409999999998 78.6661
96.94349999999997 65.03019999999998 92.34029999999998
75.47889999999997 74.49859999999995 102.40139999999998
98.21429999999997 62.99929999999995 63.613699999999994
71.96239999999997 72.04889999999997 114.06490000000001
61.80419999999999 36.668299999999974 82.51600000000002
52.09079999999999 13.587299999999981 58.245
94.45769999999999 64.80359999999997 92.89529999999998
86.42689999999999 35.01269999999996 49.462300000000006
88.22579999999998 69.43439999999995 80.81350000000003
88.05799999999998 64.09959999999995 52.192400000000006
92.02189999999999 56.036599999999964 55.06890000000001
64.90649999999997 52.406499999999966 111.074
48.19039999999998 13.88839999999999 38.24419999999999
89.10839999999999 51.96079999999997 85.4576
73.38749999999999 46.63489999999998 76.7188
69.23279999999997 45.961899999999964 89.5129
84.46699999999996 67.49359999999994 97.30049999999999
109.37439999999997 70.14819999999997 79.86049999999999
73.01919999999996 75.74079999999998 92.36179999999999
66.04569999999998 39.18109999999997 49.26010000000001
69.21859999999997 48.024599999999964 85.11399999999999
96.92839999999995 57.474999999999966 51.6378
79.63039999999997 71.35249999999996 99.22530000000002
71.58419999999997 69.94589999999997 119.7539
56.72379999999998 40.30869999999997 79.19469999999998
70.19749999999999 50.689899999999966 86.61809999999998
48.99449999999999 41.28799999999998 94.02619999999999
75.58759999999997 64.21589999999998 102.6
115.62249999999996 83.28579999999995 45.12779999999999
125.70889999999994 89.51109999999994 74.4233
85.92289999999997 50.41639999999997 83.1461
69.01029999999997 60.546999999999954 120.9521
76.25679999999997 45.80439999999996 111.2246
90.98179999999998 61.92509999999996 76.70159999999998
101.94149999999998 79.75209999999996 91.60880000000002
50.840999999999994 47.00899999999998 124.38539999999999
104.75669999999997 59.22659999999996 93.7545
75.22459999999997 66.43139999999997 93.17850000000001
123.22929999999995 76.40559999999995 95.65119999999999
36.874999999999986 33.22889999999998 107.9521
62.200299999999984 49.34049999999998 102.6568
132.91009999999997 77.40709999999996 18.981400000000008
94.04029999999997 65.91399999999996 67.1861
58.736499999999964 56.609799999999964 80.1722
82.70999999999998 60.824699999999964 78.6981
97.84109999999995 92.21289999999996 115.47359999999998
129.89199999999997 75.73189999999994 73.0672
66.08649999999997 35.014799999999966 110.7172
70.77949999999997 60.96549999999996 76.608
80.21529999999997 65.23329999999999 68.24790000000002
92.61009999999997 54.60279999999996 72.1906
73.16089999999997 75.92419999999996 120.623
116.28549999999996 79.15189999999996 88.43500000000002
87.20659999999998 47.66949999999997 44.44420000000001
78.24679999999998 39.864399999999975 48.2719
111.13569999999997 88.48669999999996 63.4119
86.95749999999997 50.596699999999956 62.4394
100.07079999999998 60.56229999999995 100.8878
90.83709999999998 56.480399999999975 77.86390000000002
73.61239999999997 42.37019999999997 84.34829999999998
53.47139999999999 27.891999999999978 83.0306
90.99089999999995 56.16059999999996 35.35540000000002
78.72219999999999 73.90599999999998 97.1814
124.30269999999996 65.00569999999995 35.45270000000002
62.53029999999998 43.14289999999997 91.28229999999999
119.29019999999996 92.22719999999995 71.41610000000003
69.32519999999998 32.64669999999998 65.91059999999999
104.42939999999996 69.66039999999994 92.48659999999998
89.88879999999997 80.68479999999997 105.2423
107.94179999999997 75.97349999999996 73.47689999999999
98.90849999999998 63.956599999999945 64.8398
71.09969999999998 35.971999999999966 82.84300000000002
135.50549999999998 95.66639999999995 89.05420000000001
74.40749999999997 59.143899999999974 114.1635
65.99339999999998 27.559299999999972 63.2994
64.41499999999996 72.67709999999997 120.47129999999999
84.15889999999999 60.31349999999996 92.005
129.02019999999996 82.86529999999995 22.00390000000001
51.01409999999999 50.16599999999998 118.0989
67.42389999999999 57.98929999999997 45.869
150.43849999999995 102.57859999999994 32.58379999999998
69.66149999999999 47.009199999999964 96.12969999999999
73.66419999999997 65.27029999999996 121.28409999999997
50.27859999999998 35.68539999999999 111.94009999999999
99.29189999999997 57.35499999999996 25.318899999999996
99.33039999999997 75.60989999999997 69.9425
56.42259999999998 55.22669999999998 110.69170000000001
88.29799999999997 64.34489999999997 83.91400000000002
75.78309999999999 40.47649999999997 58.6177
54.48959999999999 33.057099999999984 71.8836
78.98419999999996 72.31279999999995 95.17230000000002
25.098099999999995 15.045899999999985 109.6987
99.19169999999997 61.80969999999995 103.04309999999997
82.26059999999997 44.81109999999996 62.875299999999996
77.02969999999999 56.95069999999997 120.2278
72.00819999999997 39.67919999999998 52.022
99.47879999999998 81.85179999999997 63.826299999999996
54.77639999999998 56.19199999999995 143.47779999999997
71.38609999999997 48.61029999999998 90.8793
114.55419999999995 67.65879999999996 36.223000000000006
59.131399999999985 52.34849999999997 93.8845
84.24909999999997 65.40359999999995 85.46749999999999
101.68989999999997 73.61539999999995 83.48429999999996
112.75559999999997 55.057299999999955 35.921199999999985
91.14259999999997 65.30309999999996 82.38269999999999
97.69429999999996 46.81079999999996 7.0728000000000115
58.47969999999998 53.12579999999997 126.12889999999997
60.61839999999997 47.16309999999997 97.4923
77.45269999999998 46.34489999999998 64.84689999999999
117.09209999999996 86.08069999999994 104.64949999999997
69.63329999999999 42.488799999999976 78.7026
131.63329999999996 79.94189999999996 48.5192
84.05029999999995 68.97539999999995 80.82609999999998
72.36259999999997 49.82679999999996 69.99629999999999
50.179399999999994 37.21159999999998 87.04069999999999
64.61329999999997 43.70879999999996 83.3415
101.07689999999995 67.06079999999996 84.7465
129.19569999999993 83.47069999999994 89.41509999999998
55.40769999999997 59.47359999999996 97.677
103.93629999999999 72.43589999999996 76.4102
105.65809999999996 64.67529999999995 43.27000000000002
112.92559999999996 66.47789999999998 60.31130000000002
59.15669999999997 58.46159999999997 116.2645
93.25759999999998 67.54199999999997 90.66620000000002
93.22469999999996 77.97229999999995 74.0153
50.19009999999999 44.02689999999997 106.02549999999998
144.96719999999993 108.46579999999993 103.17839999999997
47.302499999999995 31.70009999999998 103.56249999999999
92.37919999999997 54.34019999999997 105.50239999999998
102.42699999999996 89.48669999999996 147.9066
90.43459999999996 68.37579999999996 134.39189999999996
103.46179999999998 71.37219999999998 79.37179999999998
80.50309999999999 50.93069999999996 89.4649
74.74269999999999 61.76049999999995 82.3493
104.10769999999995 89.08859999999996 65.90759999999999
82.41279999999998 59.22139999999997 111.9577
69.62379999999997 47.91359999999996 91.3415
76.65179999999997 53.26999999999997 107.94119999999998
78.31649999999998 68.74809999999997 97.77030000000002
63.525199999999984 17.564699999999974 77.69869999999999
65.43339999999999 30.47999999999997 58.5867
89.53909999999998 80.58749999999995 127.85629999999999
87.61589999999997 65.38269999999996 83.54559999999998
98.46309999999995 72.33639999999995 91.8985
97.45209999999997 46.68879999999996 38.990899999999996
66.88339999999998 28.751299999999972 56.0208
67.67949999999999 55.301499999999976 83.53050000000002
69.846 50.789899999999975 56.236599999999996
72.22659999999999 41.378099999999975 75.6676
32.30599999999998 29.55209999999998 96.55039999999998
108.44439999999997 79.36739999999995 102.3697
41.3735 11.15099999999999 63.3456
92.69689999999996 67.60619999999997 79.63099999999999
98.17149999999995 63.48189999999995 76.0002
96.12399999999995 66.07839999999996 97.44519999999999
106.30119999999995 61.44109999999996 84.8235
90.00219999999996 69.40219999999995 96.19609999999999
87.31079999999996 71.65449999999996 89.0937
68.89579999999997 39.32569999999997 81.7321
91.43899999999995 84.20329999999996 108.06199999999997
91.58659999999996 85.19699999999995 122.79399999999995
62.02799999999999 43.14429999999999 124.8049
91.34479999999998 60.70719999999996 66.3648
99.72729999999996 67.04319999999996 60.76980000000001
95.64239999999997 81.06139999999996 92.67520000000003
77.70469999999996 53.76159999999996 76.5225
84.02039999999998 69.39589999999997 85.57510000000002
117.75629999999995 75.89459999999994 84.5825
106.37979999999999 68.27439999999997 80.62280000000001
125.28599999999994 81.72749999999995 57.596599999999995
60.86029999999998 43.51029999999997 71.4776
111.62509999999996 83.99179999999996 97.40980000000002
115.80969999999996 83.28509999999994 69.9971
88.08479999999997 61.13809999999995 84.7533
77.96359999999997 60.138299999999965 107.23269999999998
77.79529999999997 50.051799999999965 84.1318
93.32959999999997 65.79789999999996 100.64380000000001
86.15389999999996 51.60459999999996 99.4798
112.98129999999998 64.17359999999994 37.24750000000001
101.62159999999997 77.12299999999996 98.46959999999999
49.369199999999985 48.775699999999986 106.12419999999999
94.58989999999999 62.99229999999997 88.352
95.26319999999997 61.630199999999945 49.363099999999996
23.4268 37.589999999999996 143.3414
62.193799999999996 29.58879999999998 35.9832
90.00789999999998 52.12189999999997 91.5092
29.96399999999999 12.065799999999992 80.94809999999998
87.12099999999997 60.878999999999955 113.2762
56.565899999999985 50.00889999999997 117.18129999999998
78.79839999999999 46.615899999999954 78.7109
93.91159999999996 71.42609999999995 105.01619999999998
119.60809999999996 92.63739999999997 108.50289999999998
84.26049999999998 57.918899999999965 98.3124
83.57119999999998 51.034499999999966 77.936
84.60139999999997 57.176999999999964 88.1987
117.59809999999996 76.17809999999994 69.4913
81.30329999999996 63.752399999999966 142.0243
94.17289999999997 63.45459999999996 80.92439999999999
85.28419999999996 61.80619999999996 78.7185
62.61929999999998 35.77549999999997 94.12139999999998
90.61699999999999 64.43329999999996 95.5962
70.33559999999999 70.90689999999998 144.0444
111.89689999999997 74.70179999999996 64.063
52.92679999999999 35.28089999999999 68.01459999999999
56.788499999999985 57.56259999999998 128.7655
120.12439999999995 77.49879999999995 59.8086
101.74829999999996 52.56979999999996 44.590900000000005
90.73559999999998 67.98459999999997 108.6143
78.60319999999997 72.61599999999996 113.38569999999999
78.03879999999997 61.517199999999974 62.8912
99.17789999999997 72.75669999999995 77.91060000000002
146.62029999999993 98.03989999999993 72.87359999999998
44.542999999999985 36.45979999999999 100.66539999999999
93.76859999999996 70.20859999999996 110.8005
137.73439999999994 99.32769999999992 59.4027
83.45079999999997 68.24169999999995 76.994
78.79009999999997 51.63669999999996 81.5293
100.96719999999999 66.74009999999996 81.62270000000001
80.24619999999997 84.06659999999997 131.6637
65.57539999999999 39.54519999999998 111.47310000000002
95.55079999999997 83.97389999999994 103.64189999999999
103.72659999999996 80.17939999999996 114.8269
42.691499999999984 30.601499999999984 100.7025
95.23469999999998 77.73959999999995 86.3602
59.350499999999975 32.102599999999974 74.694
85.96279999999996 59.99669999999996 89.66939999999998
56.54269999999998 32.724399999999974 104.6878
76.78649999999998 49.84009999999996 62.43520000000001
95.71819999999997 61.04699999999995 79.0342
59.42839999999998 47.93219999999998 66.5472
80.49469999999997 49.917999999999964 65.3344
79.9995 35.327999999999975 27.39870000000001
90.72679999999997 77.63539999999998 72.7416
83.96549999999998 50.19999999999996 95.2777
48.070399999999985 29.578699999999973 68.6624
69.40389999999998 60.62669999999997 121.60340000000001
84.13729999999995 60.855199999999954 99.6288
71.06599999999997 48.34779999999997 95.1379
28.073799999999988 43.6827 161.0755
87.30129999999997 61.27609999999997 65.46690000000001
60.99779999999998 37.50319999999998 62.11889999999998
110.49459999999998 62.024299999999954 80.5078
67.84119999999997 56.36699999999995 109.42999999999999
69.07819999999997 63.08599999999996 109.94879999999999
88.46189999999997 79.52319999999996 83.3795
103.99019999999996 86.76669999999996 130.2731
54.54319999999998 50.30759999999998 102.1134
77.80309999999997 41.23589999999997 48.728600000000014
105.06669999999997 56.87599999999996 65.9412
96.59759999999996 58.73739999999995 73.0179
75.71669999999997 58.81889999999996 85.51059999999998
94.19009999999996 76.07909999999995 112.0073
79.01169999999999 60.02369999999995 96.66629999999998
69.13179999999998 47.93939999999998 110.06279999999998
110.34359999999997 88.99599999999994 89.85879999999999
55.25529999999998 67.88449999999997 118.44310000000002
88.69929999999997 78.15709999999999 135.84100000000004
120.70089999999996 94.59029999999994 66.52589999999998
47.45049999999999 40.98099999999999 96.61089999999999
48.257399999999976 39.224499999999985 63.493700000000004
89.87309999999997 45.95649999999996 55.10129999999998
131.30229999999997 96.20509999999996 73.9651
105.93239999999997 78.11009999999996 107.62179999999996
113.41339999999995 93.89029999999995 92.49800000000003
75.58119999999997 48.59989999999996 85.88630000000002
124.81379999999996 88.23419999999994 118.19860000000001
91.48589999999997 70.26879999999994 121.90979999999999
51.16659999999999 45.23969999999997 99.07979999999999
74.89649999999997 59.29229999999997 59.022099999999995
103.85019999999997 73.73789999999995 93.70850000000002
34.230499999999985 34.44389999999998 88.27529999999999
50.37639999999998 45.924799999999976 94.54659999999998
63.115299999999976 54.583199999999984 134.8855
94.52359999999994 80.09309999999996 110.1727
93.19489999999998 57.50939999999996 73.5657
97.80019999999999 83.24349999999995 71.45969999999998
66.99499999999999 51.18059999999998 113.63669999999999
114.10769999999995 86.76199999999994 83.7781
73.05799999999998 59.69919999999996 102.6874
108.12489999999997 81.66669999999996 59.18280000000001
80.31819999999998 69.50279999999997 122.0313
60.78599999999998 30.798799999999975 48.211200000000005
82.49639999999997 56.77029999999996 104.7036
140.26209999999995 108.27309999999994 68.60599999999998
78.56789999999998 42.65229999999996 66.3002
157.11389999999997 92.48579999999994 70.46130000000001
111.76689999999998 81.44239999999998 54.57600000000001
