75.66584957684525 79.54813460647173 57.701821958696755
76.90963930335138 79.41047679335757 54.370230914160075
42.87807694082601 71.41724181942602 110.70060891167563
98.88778470387783 111.36520785298568 97.33620601276847
77.94316638510873 89.22779755638135 81.01417996542237
81.21594757040633 80.29599386525547 46.86930576048925
51.063501980418536 59.07228744397382 54.89910097625358
64.79368270369467 79.8072566725163 84.02768609788322
70.05088608678956 78.59502523035815 68.07898552931712
54.10268384185115 74.73245713936426 94.13147245853347
77.4909171442003 87.88288053260344 78.0944203251812
67.87177571223091 75.4075462941764 63.76209232951383
44.02253922370353 69.51204146222729 102.3680156053213
63.44895290382142 72.32298154995371 65.02453464717605
53.77768714467713 71.29322000155881 84.71032420823249
85.14285823871143 88.67473097140612 62.45113167202523
85.96501333571561 94.58101433240356 78.00960479500242
63.604376809680886 72.72420402099645 65.84736483438311
80.1374881553065 95.43333082413127 94.2331550735863
59.58077020414301 70.46738696221664 68.6226625380708
23.018340658022993 52.786433068875944 102.21287588676542
69.2335464639128 67.23910073580952 36.37030879725837
34.77266226455169 52.5543970680944 73.8934408114937
10.8565627876527 37.418034530921304 85.29013486656957
45.10291823660655 62.21057409967577 78.20525233284368
51.06744993885935 74.00478224503352 99.11177616197179
72.21599397133207 93.36445463785765 106.72825585757954
75.03994840252153 74.20534789215046 43.35076324139285
94.80154672081218 91.83240697170696 49.09663826634208
71.4086160610618 81.9317000744298 74.76863193097103
38.93920422450268 60.5215939210817 87.69317800850769
69.53611628197933 72.27440784363046 50.57087273113883
84.5054374368027 91.49261636876948 72.29464117358164
86.55528188937646 101.1532511828286 96.08539425181142
55.935543438680874 83.9050504548404 116.98700303222732
53.697485170045354 82.61772269203668 118.43590348438867
77.26991899887943 92.3429707380811 91.82231653024088
78.48656878695087 84.58160623644844 65.97723941412167
88.86970039487574 93.80916647581479 68.8954193154342
36.58661394313791 61.88300919961703 97.25546362895062
63.15739737266422 67.13107281903231 50.33430900114241
41.98380932988131 55.085160248198505 64.43609571447718
70.52519715362718 77.25948951844127 63.00883364823545
49.917843958724106 79.82344820629359 119.04602536635402
70.99643441536344 83.20654884292512 79.51300701990431
86.39629673733748 91.02374993051771 66.46104692946041
36.75060975919158 52.71376700273321 69.71561370695308
118.9899050014611 99.57247276115183 15.156091190132216
41.69748816588364 62.15653091321575 86.05075183897829
79.45170552571541 92.112299584059 86.01021066971819
77.95141680047708 93.23583138264537 92.86440856082059
31.581277594953875 52.47372032380449 81.15688438408364
63.842789983764234 72.1441652846498 63.569138512283786
95.56610608845361 101.1249726552378 74.8188413218265
90.24953006684477 106.27464284125536 102.56767560338173
105.70523945448518 84.26019733333627 1.0392609075371766
36.34266600219105 67.48884044812199 114.43037459781597
107.40473705742447 116.44849944084379 92.3683560680955
34.231207326298296 63.06708988954538 106.2992010061166
121.95207487147154 126.24199373921563 87.17323522243393
82.23982898892163 71.83892932360405 19.417105541640886
71.32579255534569 89.10321725185655 96.2014817977666
54.091759274772194 79.08825519770936 107.05666711238223
66.8551275865119 76.49345931895303 69.36793280015257
74.49457093202444 73.71517317388654 43.18121454930777
34.390199322276686 47.96337694338514 61.196428306279046
34.57423791832036 58.189886704761236 91.04916616756708
89.78465604012804 101.47020743735351 89.43237616976307
42.97387116606842 74.40033942256957 119.30973237498041
81.33292952780538 81.92924754880676 51.43111465476645
77.39552103665399 84.5996056582278 68.59539857977518
47.10241123180799 61.246176213148686 70.64878448010232
27.808363833484798 64.94830829943297 126.96928607043586
72.39387816600089 75.7104414681285 54.0284640506562
96.38611659174603 111.76071968642388 104.3884639934085
106.47742683242095 102.65372122315429 53.695637343744146
55.350559718436 72.21991602428962 83.7571584767298
56.02252033401233 65.62467956185364 62.64598564882647
50.205582953696286 74.1947048959614 101.70031649301497
92.02930434301823 92.27880122454951 56.93565323487608
84.48792443362159 94.19598364152297 80.34171967972304
28.25176235697902 58.485839703140584 106.78860756965588
86.38731467088081 88.94702073547336 60.33201585391679
89.6272332433966 100.903738678374 88.12487507050315
65.03930929571086 77.5223784306514 76.68369175924141
78.5566479669236 86.4627256084741 71.383352024284
109.3829436239081 113.03136551733027 77.59825398712991
86.47383832096101 90.13876692479181 63.657920784973
72.30448639135855 78.07336829188802 61.23631637329604
40.30886622670706 58.06196062749543 77.1892513076709
65.13403741814844 83.79315900227499 95.03165644893103
50.028394293223286 83.24074412376132 128.90631997263662
90.86933663934096 90.94917934942828 55.72490679970479
98.51921988874838 106.5809303562333 84.03419795123529
70.08062927090114 91.68261933693967 106.76742492347987
60.77993918815453 71.4456287388014 68.70065649765206
92.77217423756542 96.66949451274976 68.19215509627143
111.44655566521386 117.49093941807247 85.9539185452562
74.26287506094451 82.13804885674088 68.66988189543626
99.4427215671669 111.34736250165972 95.97880221587839
55.66474371297686 65.01875790001412 61.69264180119004
15.36085075221114 41.61668733009306 87.13550777536709
43.38977358606253 66.23323906582353 94.14549685191038
78.99251642859811 92.25407845434594 87.50955280996234
106.24636632097955 85.01120904105261 1.991259783668788
98.3382548641365 102.03441432604623 70.99529753112714
66.34727242192568 89.80821553908494 109.99289909892772
60.34442928960252 71.61976321678151 70.24015292599516
96.05938868795965 113.95889377758512 111.66634205108932
31.583689662846812 57.67812458624074 96.56383866497212
63.11224736308549 77.47093447052623 81.06151441139275
54.25890153198597 81.17088362120445 112.8313626900102
85.06804540150023 100.21974921070215 96.81708960232535
98.84490829084365 106.2094025885124 82.16829993179157
71.1041546294025 86.0971701490311 87.82022998546094
79.3665945852685 88.14163181147501 74.45132517462986
44.904117262900506 65.65687115633875 88.87866120240096
109.46299743179404 107.78526795063286 61.87396447606643
67.52633124537593 84.87346388102917 92.60708670216465
55.88698925313665 79.54337321064182 104.18422113565083
88.49825828096036 89.80310528125106 57.90483014966267
62.11805747928601 60.263536910137304 32.439688752228555
42.693235749132825 70.91591974649637 109.65049264167693
50.839977465873076 72.70238986251265 95.78954220012848
36.09273413919009 69.27962649571742 120.32125656566357
91.27015637911009 93.13919735877714 61.268298904801995
53.113315664678254 76.53270247138931 101.78864785904427
1.0967271123915268 28.216998869071332 80.98525112165314
50.93857205809452 66.7027019855063 77.78994063087922
79.42336612501177 85.73692967882592 67.19644126316237
54.46813409977344 76.85179984224307 99.54870982497603
63.20010953332569 70.91125324500888 61.42874603314657
88.98269511906125 86.72092753079235 47.63826739391349
49.45271967222761 56.790908589299896 51.92954928822917
88.08419690499551 90.15990678311033 59.93486572446937
89.14133557012985 94.38797112903548 69.97096013794601
60.650755443002545 75.21312046584931 80.16161246143224
57.149932558081275 77.0873337775572 93.94181373069378
13.207841561363308 34.94734624434412 72.44586694330481
47.44830892889844 72.46155288334657 103.04950887486005
82.21188848610734 72.2012688724706 20.55584193112577
49.653492219329436 62.07801557992939 67.11511484994674
33.72893933763472 66.62314279681411 118.01104292252612
112.72993767620787 98.64388961476203 27.122174752522533
59.035589358525556 78.2674851148061 93.00394649269016
154.678629097236 139.11955600672718 48.37542389068784
79.07384432231032 90.09807497064858 80.93345198317408
77.30729089593069 97.39452117544812 106.6944164349137
76.62147784728998 89.14720009369134 83.88254310223216
93.09144499148397 85.01144493445065 32.91678354511038
83.02086377699193 88.91980453327216 68.16532939855159
63.02560156904504 70.19326390617502 59.7126872197641
100.86989641601359 100.42085504615109 60.265381101478845
88.91872903293 92.0465408317321 63.56022010684314
60.30463335422953 75.71910197243307 82.47372545821646
48.16215833005282 58.223428282821324 59.205770954808564
55.59431141279893 77.31468675219311 98.27209212463097
41.5005065456706 61.880688091955335 85.69692283886066
80.83038990914531 72.203075798266 23.808844716578534
29.364482402351655 46.6374964961643 69.08443459479895
74.97252043869592 81.00615258195715 63.649571531591846
61.453092616384886 69.27515046492937 60.69041509882031
43.42721799974706 69.85936749337489 104.79609887563934
69.23838608318836 87.55862591686748 96.53435204005787
41.29222305434292 66.63857114451466 100.27683021501494
75.33960007834982 83.12409832570562 69.05884148242916
84.01931451495307 95.96719035086333 86.68869055796975
89.10270189758788 83.0337539955012 36.43674375912951
76.61185895023112 93.28836456663781 96.16904001603987
52.864190017056856 81.95548164153105 118.43362963268076
43.27141904098085 67.01917587911025 96.75124570023115
74.42432529669948 77.44766166078787 54.399957121262496
93.27139946986773 96.55667216798645 66.68444882486995
79.85146668472947 87.29032430459586 70.79036771782539
95.73229176701392 99.27810319339787 68.95874271196995
65.13202740716721 88.2494331368456 108.233450283569
80.0309793168675 95.62818356328451 95.06058616492437
43.930543145739776 63.99037110743535 86.23208681738863
88.34925712831844 103.4971637360346 98.80948363166887
34.346616388264856 61.97458608347157 102.79249118050811
54.90449926543522 75.04620912042058 93.17571368217075
78.54176406930448 85.30359789869618 67.98563333434058
43.7564576265289 68.26382484057498 99.29698390576924
83.89774952363476 101.91247827005552 104.58118816369236
91.02025094338376 95.00303520397617 67.37545857701696
70.90873605529065 79.2571845915942 68.02329356065437
38.29788643209768 62.48776957682326 95.02354600132962
16.74997741332603 54.286976838857825 121.3924540551881
59.006832783402956 84.31179337453226 110.9715129870085
16.663279011916742 52.80666539005887 117.21238603785959
50.480552483772016 72.05398075499431 94.71424856356846
67.41644574606728 72.92413832591524 57.47798180346386
13.176274520335397 49.313824342345164 115.06579673651164
101.16710893973095 100.74734466023867 60.53357384419046
66.70488890946271 78.33850906177913 75.1851538912087
18.8059664877508 55.270701929308906 119.4724585712432
62.95652095644388 76.75000401868834 79.29259359259018
91.32975163508823 97.25433066557251 73.31499574023384
62.7608112575348 72.57174573548535 67.3789350665755
66.19146719040052 76.97328957312162 72.34907471362777
3.7472735985286114 31.44001902106561 84.29913766649456
38.55647563964581 59.16730169555684 84.58222369605562
70.01429191430807 81.7253776333838 77.4354189186165
82.07722043398252 80.38621280287937 45.111789648348314
77.85769727479357 103.13914319459451 122.4129680486472
71.64503424292107 81.6798559678817 73.4670300828067
77.35923947553337 78.26263802907445 49.914026474009056
65.04072227886881 77.18757955219202 75.68887727766626
54.45321987747075 65.21690265990325 65.12751116217166
134.93384225034083 119.82740599040295 37.65893128957022
68.01449172260436 85.03412574571081 91.93530365421614
75.8655577123106 87.78185022986148 81.61614745268609
46.56698726713733 61.38776201617374 72.3267691547094
77.3255144065131 89.74408323459045 83.99512567221159
66.37872651328357 85.96260194319088 98.53033312629512
81.62766611215082 83.8944184720666 56.55801374486999
61.22527133292516 85.57506673553671 109.49749882215524
43.482960769835664 59.74859868253159 74.72244063845183
30.50411643671635 40.78126313463307 49.0623733416231
75.54935869874582 88.62350428385885 84.8519968965114
63.536250616944514 63.849342443279156 39.72498733517165
75.53327163361796 85.42389405399877 75.41430336112478
77.39666091913263 77.53029031799099 47.65723848846136
75.81674650979718 76.45114609327729 48.175489346807936
48.23843612873631 73.40420041618677 103.98367474465945
31.223665169448843 35.26235307363826 31.026824940793283
67.4306241321402 79.26951724983702 76.23622414599416
56.30842154609371 68.15037867403788 69.45363577727055
51.382201408000405 68.44930611863253 81.91954356716282
69.71537942280949 86.07704867919071 91.02539877987698
89.51263679395814 95.16918364626015 71.41162661176072
66.91593403267561 83.42942846530892 89.76556919824584
52.44658261160707 56.31267539180836 43.47525502856345
52.987951406877585 68.47126371277527 78.20974414165906
80.13257864361496 78.63364372785287 44.49312877320705
68.08661728130184 85.89485435314543 94.31476121248913
59.15228009116248 85.60709087735455 114.4655619912905
42.40526821622835 58.34656229267019 73.10382776012925
54.59508409850609 70.3451435483006 79.98108418549903
35.63476828856973 58.118007749182894 88.34318583052367
61.73772468199437 81.66336930268233 96.70848665393746
104.82048048904507 96.89371339250124 40.5327953048687
109.59394612079022 109.81201655454274 67.56825880499969
65.04832393219259 76.71328114780972 74.26639237281289
53.04646545116572 80.65754300841124 114.16134252823275
52.460179376251894 75.7823455271089 101.10190179680869
74.50784506230514 82.67827044158003 69.69384555099904
87.33055503311435 98.15833167643267 85.39353991321191
34.752251959485235 67.27690358109116 117.54150634567216
79.45726411462581 91.09772669609283 82.99252844833124
63.96211833868787 80.6193835410722 88.3876221405335
98.78318171864895 107.20175436892127 85.25221597977831
22.085736105308754 51.85977008995912 101.66098592038522
46.40809682707328 69.23482928130059 95.93905174445638
117.20512553246218 97.19154235996439 12.300757427371117
79.7391839016281 83.92992277123619 61.102636111512034
50.95962661911922 66.40676614361313 76.86404362587496
68.41683304608082 78.83060878550441 72.6180175492187
86.71515843906904 106.22887627347687 110.74080409471702
106.20293311683633 105.57435401226496 62.9902534215362
41.13157002539656 66.45193316440012 100.1017757005267
61.18187540525845 73.05616916853191 72.52532545657601
70.43589385292566 77.55296964552518 64.08789851918155
72.90857675601548 79.42192032584283 63.80989010445341
62.746655840471064 89.04361090529501 116.19294867850886
96.70694945542343 103.8161046786818 80.10660070531648
70.565875977733 68.63275886598095 37.36550467500504
60.70252723451438 61.96591019307334 40.8088496279549
101.5117800793441 100.61049487408233 59.31803984948524
68.97346228352662 73.25220691193039 54.789280718063225
75.97593098532283 90.91596585135933 90.63823174669959
71.75878025368738 80.51443572072596 69.7482908103835
53.338578594465204 67.91027660713505 75.72414370661348
34.08723842824876 52.3113219228248 74.78489063583439
78.24428337358849 72.21823208664028 29.933195088594367
68.98280404723975 86.17526654650364 93.03841820985511
103.53187143270657 91.17188456831815 26.61712488446838
45.546257223146014 64.53865687005354 84.05756241988283
107.192511003223 107.46734134121883 66.26993842493042
49.008407386218686 58.240909862458004 57.26816444842032
84.19174383868862 95.15491720866217 83.8778278175974
77.96151520238226 95.7102735578913 100.16862561997876
92.22989161986226 95.76667740085514 66.7933078529031
82.31832617469291 84.85617793099402 57.78260791262972
49.05302681655198 63.74543801026147 73.46470118400265
116.40414577516563 119.72945355284958 80.92879231512528
56.89847046116931 81.20101231214873 106.7154415275517
44.966214768964335 54.04843152043738 54.35477489873845
55.70595164382234 83.64837955025274 116.76661144188571
67.06457606047086 81.84818427237732 84.73335059383373
116.74022311620924 98.33507967657545 16.780196100937708
37.265768334550955 67.48554903479663 112.25058168425424
62.40809365523329 64.30799422786384 43.735356964019694
137.7665842044316 118.54212723565104 27.193371615947044
51.115785681468495 70.37228261549677 88.24065256014005
58.11767255422025 84.85513770759388 114.6708582322085
31.152013275657737 59.78024035601469 103.80395881722784
85.63233583008898 74.56272361269606 19.50834194365376
87.10730909781546 91.00801719622541 64.74299447905602
44.16189309373529 70.67220419873694 105.47619323825239
72.78653786360657 83.88556395909006 77.31567444867186
57.81752461697778 63.108748868897635 50.97543429662833
38.801447145025314 52.82035122559839 65.21011306976084
68.73380799224299 85.22579710570633 90.81194873838524
6.019640374252635 39.080111934741474 101.58303130793037
75.65092234322401 91.4653457077921 93.02923326422649
63.273298520107204 68.73047487556448 54.798408511376124
56.64316595066324 82.6327670834105 111.5556975677507
56.05719329462186 59.77358305030467 45.23669928572607
90.98289070412469 92.55457625138237 60.21227735688541
38.511110581509264 76.68230271481362 136.55880849384343
53.75291757512279 70.82381470700064 83.3784288943474
98.39441697122847 88.01619036335946 29.348889208568572
47.165093005001495 67.4231320214364 88.79422620724884
70.44351815873597 82.79527031113807 79.59482838379962
85.62548440570907 93.85265062582603 76.6507569754344
91.55674406344343 81.76269479328082 26.903548952332308
75.2748758270978 85.29256734561707 75.63282633039685
82.61710011902132 65.80439929629036 0.6592026007109695
42.14720416421945 73.7007664302395 119.18131996901468
45.200410925878685 66.58601066910195 90.93373638018595
60.59746517920246 67.57839022088635 57.67695524471058
97.88372172122585 110.27857779154398 96.47856601054428
51.71867072824563 65.05686917832084 71.08200594980735
113.0038114484556 103.41051774309084 40.594516353999644
72.65545692077008 83.33012668662074 75.9789177304026
58.13964059888534 67.74426437035643 63.94608270864036
35.60986786610443 55.56566159433875 80.8430562637318
48.35462914949614 64.19076493132262 76.42532392580449
82.05681128893768 91.02147880041687 76.65566135260536
106.76792245264224 111.72423667813813 79.87468554074498
47.44665741713705 69.50257447757308 94.29050102086961
87.6106520877986 93.00223971456944 69.46553296514159
90.27143290691352 84.05875260250878 36.72476024520677
93.11478811160927 91.4346973969086 51.88410047965116
46.52405801408233 74.37565180193441 110.89077806047418
76.37171759164062 88.81409871597448 83.48321825578475
83.65674303422827 90.02559518256817 69.94524558693881
35.80087919171427 62.153813244893755 99.90455779041598
126.102202126196 132.2311021230056 95.1535344907441
28.72480155338332 55.1034748260854 95.65984702845479
67.52213652882094 85.65404520872892 94.92860653097233
83.41911699811439 113.43200257996085 139.8209534642209
68.22821411616628 96.35043710940461 124.9456619799121
86.36831697367859 92.90582492656797 72.10050830473526
60.84956921911423 75.68936151249983 81.10460532338963
63.19273736538523 76.3106395418762 77.43613237603648
96.91324842168723 98.1518565405882 62.847196457151796
62.38588239968878 84.45043795419113 103.4385725989514
52.23918360990609 69.81398204970276 83.94636487230235
56.614853240554375 78.51167225176502 99.41780635658216
66.28568459758941 83.90399690160639 92.65258537226116
36.62801578271349 51.44860040952919 66.25707210450314
46.66207376568612 54.127298674092984 50.601680893800605
74.21849282287286 99.88773319949078 121.33916106688044
72.87981176657601 83.94658170946411 77.27710598813661
81.68924166132621 93.4673756753605 84.76317148633584
77.50162030662773 71.82154481044384 30.504288050429174
47.19577838500764 53.55290765951707 47.646003632976864
55.56014950265281 70.56892955555804 78.37512397232524
59.085194313220015 64.34589401303919 51.65912700025177
53.335983624319525 65.17567519513145 67.63183679367131
19.246264476240356 46.00418562677214 90.99499936514744
89.65523902463286 103.03716610357537 94.37709428290873
21.766067142729547 35.85158935742783 55.004914635818054
77.73872440481668 86.44985768851369 73.26803361017262
79.916382481037 86.47890143256089 68.23476774682376
76.49461047824789 90.80664940639835 89.09517462525056
82.82418008670473 91.01642648132642 74.83675477889771
74.28920120272822 89.19675106083663 89.5120440070597
74.68674204484901 87.5577380140947 83.72362956856821
49.342428647597 63.95818502977325 73.41441152713455
80.11967618591473 98.46289080776852 103.24694240649308
78.4021565050844 101.8061872936524 117.18555060769972
40.074224930219806 70.80070901546692 115.46611854166336
75.77399058066511 80.32262707959069 59.741229072704634
84.87158592237554 85.75778113430165 54.45041908544194
83.73920017531998 96.05653235868638 87.61177097860073
62.339608456314636 73.1178726657064 69.9864381355723
72.09790040011094 84.41534537434731 80.50346116583277
96.75596407935262 102.34990792939107 75.64929616188005
86.62996067120689 93.15438682371146 72.22153722206687
108.36729480092157 103.04094743719752 50.39965597055573
47.690445059876765 60.10110926814204 65.8753563433678
94.55374467959811 105.49754940704844 90.14792107356891
101.11775164316663 101.79337621669566 63.747382378974535
71.06188346306737 82.58282833875475 77.51202614998464
60.68754254358342 81.90192423641004 99.88374408994214
59.53963839259862 73.04948685146243 76.36613630038667
74.0905391863914 90.03443031168308 92.45981415561293
63.226441822537566 80.48761255822515 89.72682946833012
95.64612603754854 86.01169663422175 29.87339688274499
84.87527487487279 98.21929053292219 91.34598367083893
37.42268084642089 63.82540416123522 101.04234363550253
75.50765654048288 87.03127864361271 80.23472172613691
81.30969718632876 79.20821470529607 43.42750519040693
10.042223405720001 54.45130624977563 137.64781721849434
47.6610334824573 47.89654587322342 29.801195763326263
67.1484478862696 80.91924148306262 81.78515814984465
12.189739167711801 34.45703913599784 73.38721641762692
65.94488874926265 87.55574202937369 104.26822417445376
40.88133414868267 69.7676324747242 110.5093389232024
59.44967412779944 70.9905815729347 70.48026441029346
76.35184460511996 93.54711453480067 97.54656356738647
101.88265640666827 114.96714130597562 100.96278248289656
65.07029112158085 82.0938887728588 90.14919498009988
64.62825987607253 74.89799037273261 69.87797911596414
66.5046736281501 79.97446716863294 80.50064478348932
99.1032012087988 99.47716742887317 61.62386866502041
59.11867849815938 91.69961928953278 132.58732019661352
76.59320718642678 85.60073082593235 73.44628251137551
70.5045961835608 80.42490074439498 72.43149516170614
41.81369834016671 61.98549019477462 85.27103297233349
72.51261212016652 87.24041880247705 87.89488570169256
55.0591215836234 90.15154170997326 137.54603272921943
95.62406454614046 95.2016088812903 57.140798532232665
39.40995922121523 52.30882690490823 62.264754169887475
42.68109770716477 75.33449056170342 122.76443883676633
102.80594553483759 99.31583414022745 52.44160908694583
82.06165497109944 77.3701773989214 36.21651905693278
72.20399274575357 91.3299111507425 100.73125347752026
65.82936670705485 88.7079184569479 107.95191755807969
68.1776625585291 73.93983116808838 58.69643134614408
84.48678454132802 91.26392696789239 71.66123668040478
127.07030772559335 122.66812821458464 64.55734893235703
29.57374344520589 55.31741699848689 94.29771994886266
74.81744720055138 94.0824363434188 102.7389855763958
124.05105636919191 116.56537994114728 53.58202654492127
72.52754636720655 82.00233885541319 72.34742426683336
61.29632312062202 73.67459767653108 74.08772976261992
82.32085894197974 90.22994779626171 73.69084756983824
69.28122274418615 97.87980045724213 126.99937571125241
42.750847784520694 68.29857611229781 101.7639040030817
83.32085273157074 99.38065454759757 98.43947789155551
85.09699119466086 103.64816923358039 106.90216519997692
25.71919516450481 51.98246992310768 93.48275555062104
82.93746679701299 93.23111843541197 81.12915554136484
41.039876123629654 55.1695259224738 66.90495623856478
68.43152102245564 82.08184118533676 82.21187697555291
34.91994887875019 59.963799472216486 95.4898307847958
62.133337492016935 68.29951549472844 56.20198125285558
76.77495444055086 84.9108751470909 70.97604918862463
49.54609362327462 60.381498870110434 62.34342642287149
64.09173729673756 70.58173751871621 58.3568445013161
62.96523267476044 56.787027567159335 20.152597707903887
82.10369794296295 88.4984081484167 69.07347160988763
61.83518825728035 78.07880222198943 85.86382269128121
33.613311633831486 47.79110983642397 62.512588027053496
53.23404566696339 80.99677775353221 114.72500503834121
66.1256752767662 83.545459820715 91.96694565079547
52.77452032633509 71.39060889027256 87.35699987330149
13.057870948218792 62.599112976050925 154.68796622219872
73.58823747848163 78.55121850441756 59.633584608641726
46.482559664956504 55.788867152359344 55.9443511183911
86.43126595660749 92.33823946893229 70.2716462143338
52.16806328760558 76.1113345436284 102.7629006943702
55.9364115686958 79.6414523035622 104.35849538306947
79.8813846169745 90.33255931256372 79.72948729342575
85.88958770224245 109.56906248873 122.57339177334873
42.04101457981059 66.0573083061545 96.79517217723856
60.973143583735734 62.43754558857101 41.56940826986464
82.85987182403927 84.85119428974969 56.494773835982365
77.2100899047054 83.16094024684504 64.77076622798289
61.99021960758157 76.11092175338268 79.67157686300007
77.57301234889985 97.0125827957354 104.93865920567659
62.92869971752343 80.28436280602074 89.82485134914073
49.05953743767684 73.22556156105178 101.52438358423204
97.17321641330156 105.58747523405728 84.25633146565002
47.98593541932782 77.04212867600656 115.3508296754617
71.34885141681052 100.01443893570953 128.4603993057006
109.9205970755589 108.17085578329109 61.94013319014488
34.111637664537156 57.784717418894914 90.9367633261121
38.917132078478616 50.99096244805614 59.52050083019209
69.85158414291303 71.17873307350287 46.58447041330472
116.283584806755 115.12502283563776 67.57638104260388
86.67138942097135 102.37428166951656 99.42847707979482
100.9558766757354 109.58374494422884 87.19877071174975
57.1950165531252 71.76201257626167 78.065114417225
101.71357721867099 117.33485387652878 108.37213819522938
71.67953302510615 95.21999788860911 113.48449127408702
38.04399775733526 61.77098237931119 93.49765687794462
65.75261882236593 70.81136298728458 55.132440580264614
85.48978274675673 96.86755344849979 85.89827493998581
23.973598696308766 47.36509723302786 83.91217978899112
38.54776086592785 60.82600405025779 89.51488789255995
44.42561694555102 78.12764815437643 126.93521058433896
79.89484162717268 98.52177222887136 103.94986237793202
74.3936364348624 81.19441241869771 65.56794603662367
89.37101109813003 93.86222480690782 67.87405913525606
48.62062363656874 74.32783852713091 105.8205369598897
99.49517257493784 105.17022518827467 77.5621667610533
58.052925122953155 78.60193935978103 96.3044834128838
97.13471090088095 95.51166123862329 54.50775100017012
64.1791997503562 89.83400912399597 115.16602986725955
45.43331309691962 50.13944584010715 41.680414869405595
62.43855253587461 82.03830204859942 96.17131553426532
128.3224335858264 123.31417137879693 63.52705868020421
59.40582604468638 66.79184562294257 58.14896312213443
131.61570306723664 124.60731720093607 59.61477870788354
100.06683037971959 96.18163778026357 49.5989792878981
